4020240062189
4020240019099
4020250024009
4020240018589
4020240130959
4020250077219
4020250072529
4020230234329
4020250069799
4020250088499
4020240108009
4020230164459
4020250085919
4020240085079
4020240096809
4020230204099
4020250086319
4020250080879
4020240133699
4020250084579
4020230134919
4020240077959
4020240053668
4020250089709
4020250080058
4020250086939
4020240156359
4020240049708
4020240059579
4020240065838
4020230237679
4020240109499
4020230108398
4020240031479
4020240107958
4020250087199
4020240074458
4020250087768
4020240223338
4020240059309
4020230186029
4020240072848
4020250080949
4020240064858
4020250086759
4020240134978
4020240056518
4020250087479
4020240011999
4020240062898
